0.39697,1.301
0.39719,1.3242
0.39741,1.3238
0.39762,1.3236
0.39784,1.3207
0.39806,1.32
0.39827,1.3195
0.39849,1.32
0.39871,1.3221
0.39893,1.3217
0.39914,1.3221
0.39936,1.3234
0.39958,1.3247
0.39979,1.3259
0.40001,1.3289
0.40023,1.3327
0.40045,1.3365
0.40066,1.3403
0.40088,1.345
0.4011,1.3496
0.40132,1.3551
0.40153,1.3615
0.40175,1.3678
0.40197,1.3742
0.40219,1.3814
0.4024,1.3894
0.40262,1.3983
0.40284,1.4072
0.40306,1.4161
0.40327,1.4258
0.40349,1.4356
0.40371,1.4453
0.40393,1.455
0.40414,1.4656
0.40436,1.4762
0.40458,1.4868
0.4048,1.4974
0.40501,1.5088
0.40523,1.5202
0.40545,1.5308
0.40567,1.5422
0.40589,1.5528
0.4061,1.5642
0.40632,1.5757
0.40654,1.5871
0.40676,1.5985
0.40698,1.61
0.40719,1.6222
0.40741,1.6337
0.40763,1.6459
0.40785,1.6582
0.40806,1.6705
0.40828,1.6819
0.4085,1.6942
0.40872,1.7065
0.40893,1.7187
0.40915,1.731
0.40937,1.7424
0.40959,1.7547
0.40981,1.7661
0.41002,1.7784
0.41024,1.7907
0.41046,1.803
0.41068,1.8152
0.4109,1.8275
0.41111,1.8398
0.41133,1.8521
0.41155,1.8643
0.41177,1.8766
0.41199,1.8889
0.41221,1.9003
0.41242,1.9126
0.41264,1.9257
0.41286,1.938
0.41308,1.9511
0.4133,1.9642
0.41352,1.9774
0.41373,1.9896
0.41395,2.0028
0.41417,2.015
0.41439,2.0273
0.41461,2.0396
0.41482,2.0519
0.41504,2.0633
0.41526,2.0756
0.41548,2.0878
0.4157,2.0993
0.41592,2.1098
0.41613,2.1204
0.41635,2.1302
0.41657,2.1391
0.41679,2.1479
0.41701,2.1568
0.41723,2.1649
0.41745,2.1738
0.41766,2.1826
0.41788,2.1907
0.4181,2.1987
0.41832,2.2068
0.41854,2.214
0.41876,2.2212
0.41898,2.2292
0.41919,2.2364
0.41941,2.2436
0.41963,2.2516
0.41985,2.2597
0.42007,2.2677
0.42029,2.2758
0.42051,2.2838
0.42072,2.2919
0.42094,2.2999
0.42116,2.3079
0.42138,2.316
0.4216,2.324
0.42182,2.3321
0.42204,2.3401
0.42226,2.3473
0.42247,2.3553
0.42269,2.3642
0.42291,2.3723
0.42313,2.3803
0.42335,2.3884
0.42357,2.3964
0.42379,2.4044
0.42401,2.4116
0.42423,2.4188
0.42444,2.426
0.42466,2.4332
0.42488,2.4404
0.4251,2.4476
0.42532,2.4548
0.42554,2.462
0.42576,2.4692
0.42598,2.4756
0.4262,2.4819
0.42642,2.4883
0.42663,2.4955
0.42685,2.5018
0.42707,2.5082
0.42729,2.5145
0.42751,2.5209
0.42773,2.5272
0.42795,2.5335
0.42817,2.5399
0.42839,2.5462
0.42861,2.5526
0.42883,2.5589
0.42905,2.5653
0.42926,2.5716
0.42948,2.578
0.4297,2.5843
0.42992,2.5898
0.43014,2.5962
0.43036,2.6025
0.43058,2.6089
0.4308,2.6152
0.43102,2.6216
0.43124,2.6271
0.43146,2.6326
0.43168,2.6381
0.4319,2.6436
0.43212,2.6491
0.43234,2.6546
0.43256,2.6601
0.43278,2.6656
0.433,2.6711
0.43322,2.6766
0.43343,2.6821
0.43365,2.6876
0.43387,2.6923
0.43409,2.6969
0.43431,2.7016
0.43453,2.7071
0.43475,2.7126
0.43497,2.7181
0.43519,2.7236
0.43541,2.7291
0.43563,2.7346
0.43585,2.7393
0.43607,2.7439
0.43629,2.7486
0.43651,2.7532
0.43673,2.7579
0.43695,2.7625
0.43717,2.768
0.43739,2.7727
0.43761,2.7774
0.43783,2.782
0.43805,2.7867
0.43827,2.7905
0.43849,2.7943
0.43871,2.7981
0.43893,2.8019
0.43915,2.8066
0.43937,2.8104
0.43959,2.8142
0.43981,2.818
0.44003,2.8218
0.44025,2.8248
0.44047,2.8277
0.44069,2.8315
0.44091,2.8345
0.44113,2.8375
0.44135,2.8404
0.44157,2.8442
0.44179,2.848
0.44201,2.851
0.44223,2.854
0.44245,2.8569
0.44267,2.8607
0.44289,2.8646
0.44311,2.8675
0.44333,2.8705
0.44355,2.8734
0.44377,2.8764
0.44399,2.8794
0.44421,2.8832
0.44443,2.8861
0.44465,2.8891
0.44487,2.8921
0.44509,2.8942
0.44531,2.8971
0.44553,2.9001
0.44575,2.9031
0.44597,2.9052
0.44619,2.9073
0.44641,2.9094
0.44663,2.9115
0.44685,2.9145
0.44707,2.9175
0.44729,2.9196
0.44751,2.9217
0.44774,2.9247
0.44796,2.9276
0.44818,2.9297
0.4484,2.9327
0.44862,2.9357
0.44884,2.9378
0.44906,2.9399
0.44928,2.9429
0.4495,2.945
0.44972,2.9479
0.44994,2.9501
0.45016,2.9522
0.45038,2.9543
0.4506,2.9564
0.45082,2.9585
0.45104,2.9606
0.45127,2.9619
0.45149,2.964
0.45171,2.9661
0.45193,2.9674
0.45215,2.9695
0.45237,2.9716
0.45259,2.9729
0.45281,2.975
0.45303,2.9771
0.45325,2.9793
0.45347,2.9814
0.45369,2.9835
0.45391,2.9856
0.45414,2.9877
0.45436,2.989
0.45458,2.9911
0.4548,2.9932
0.45502,2.9945
0.45524,2.9966
0.45546,2.9979
0.45568,2.9992
0.4559,3.0013
0.45612,3.0025
0.45635,3.0038
0.45657,3.0051
0.45679,3.0064
0.45701,3.0076
0.45723,3.0089
0.45745,3.0102
0.45767,3.0114
0.45789,3.0127
0.45811,3.014
0.45834,3.0152
0.45856,3.0165
0.45878,3.0178
0.459,3.0191
0.45922,3.0203
0.45944,3.0216
0.45966,3.0229
0.45988,3.0241
0.4601,3.0254
0.46033,3.0258
0.46055,3.0271
0.46077,3.0275
0.46099,3.0288
0.46121,3.0292
0.46143,3.0296
0.46165,3.0301
0.46187,3.0305
0.4621,3.0309
0.46232,3.0313
0.46254,3.0309
0.46276,3.0305
0.46298,3.0301
0.4632,3.0296
0.46342,3.0292
0.46365,3.0296
0.46387,3.0292
0.46409,3.0288
0.46431,3.0284
0.46453,3.0279
0.46476,3.0275
0.46498,3.0271
0.4652,3.0267
0.46542,3.0262
0.46564,3.0258
0.46586,3.0254
0.46608,3.025
0.46631,3.0246
0.46653,3.0241
0.46675,3.0229
0.46697,3.0216
0.46719,3.0203
0.46741,3.0199
0.46764,3.0186
0.46786,3.0174
0.46808,3.0161
0.4683,3.0148
0.46852,3.0127
0.46875,3.0114
0.46897,3.0093
0.46919,3.008
0.46941,3.0068
0.46963,3.0047
0.46986,3.0025
0.47008,3.0013
0.4703,2.9992
0.47052,2.997
0.47074,2.9949
0.47096,2.9928
0.47119,2.9907
0.47141,2.9886
0.47163,2.9865
0.47185,2.9843
0.47208,2.9814
0.4723,2.9793
0.47252,2.9763
0.47274,2.9733
0.47296,2.9704
0.47318,2.9683
0.47341,2.9653
0.47363,2.9623
0.47385,2.9594
0.47407,2.9564
0.4743,2.9534
0.47452,2.9505
0.47474,2.9467
0.47496,2.9429
0.47518,2.9399
0.47541,2.9369
0.47563,2.9331
0.47585,2.9293
0.47607,2.9255
0.47629,2.9225
0.47652,2.9187
0.47674,2.9149
0.47696,2.9111
0.47719,2.9073
0.47741,2.9035
0.47763,2.8997
0.47785,2.8959
0.47807,2.8921
0.4783,2.8883
0.47852,2.8844
0.47874,2.8806
0.47896,2.8768
0.47919,2.873
0.47941,2.8692
0.47963,2.8646
0.47985,2.8599
0.48008,2.8561
0.4803,2.8523
0.48052,2.8485
0.48074,2.8438
0.48097,2.8392
0.48119,2.8345
0.48141,2.8298
0.48163,2.8252
0.48186,2.8205
0.48208,2.8159
0.4823,2.8112
0.48253,2.8066
0.48275,2.8019
0.48297,2.7973
0.48319,2.7926
0.48342,2.7871
0.48364,2.7816
0.48386,2.7761
0.48408,2.7706
0.48431,2.7659
0.48453,2.7613
0.48475,2.7566
0.48498,2.752
0.4852,2.7465
0.48542,2.741
0.48564,2.7355
0.48587,2.73
0.48609,2.7244
0.48631,2.7189
0.48654,2.7134
0.48676,2.7079
0.48698,2.7024
0.4872,2.6969
0.48743,2.6914
0.48765,2.6851
0.48787,2.6796
0.4881,2.6741
0.48832,2.6686
0.48854,2.6631
0.48877,2.6576
0.48899,2.6521
0.48921,2.6466
0.48944,2.6411
0.48966,2.6356
0.48988,2.6301
0.49011,2.6246
0.49033,2.6191
0.49055,2.6135
0.49077,2.608
0.491,2.6025
0.49122,2.5962
0.49144,2.5907
0.49167,2.5852
0.49189,2.5797
0.49211,2.5742
0.49234,2.5687
0.49256,2.5632
0.49278,2.5577
0.49301,2.5522
0.49323,2.5467
0.49345,2.5412
0.49368,2.5357
0.4939,2.5302
0.49412,2.5247
0.49435,2.5192
0.49457,2.5137
0.49479,2.5073
0.49502,2.5018
0.49524,2.4963
0.49546,2.4908
0.49569,2.4853
0.49591,2.4798
0.49613,2.4743
0.49636,2.4688
0.49658,2.4633
0.4968,2.4578
0.49703,2.4523
0.49725,2.4468
0.49747,2.4413
0.4977,2.4358
0.49792,2.4303
0.49815,2.4248
0.49837,2.4193
0.49859,2.4138
0.49882,2.4083
0.49904,2.4028
0.49927,2.3973
0.49949,2.3918
0.49971,2.3862
0.49994,2.3807
0.50016,2.3752
0.50038,2.3697
0.50061,2.3642
0.50083,2.3596
0.50105,2.3549
0.50128,2.3503
0.5015,2.3456
0.50173,2.3401
0.50195,2.3346
0.50217,2.3291
0.5024,2.3236
0.50262,2.3181
0.50284,2.3134
0.50307,2.3088
0.50329,2.3041
0.50352,2.2995
0.50374,2.2948
0.50396,2.2902
0.50419,2.2847
0.50441,2.2792
0.50464,2.2745
0.50486,2.2698
0.50509,2.2652
0.50531,2.2605
0.50553,2.2559
0.50576,2.2512
0.50598,2.2466
0.50621,2.2411
0.50643,2.2356
0.50665,2.2301
0.50688,2.2254
0.5071,2.2207
0.50733,2.2161
0.50755,2.2114
0.50777,2.2068
0.508,2.2013
0.50822,2.1966
0.50845,2.192
0.50867,2.1873
0.5089,2.1826
0.50912,2.178
0.50934,2.1733
0.50957,2.1687
0.50979,2.1649
0.51002,2.1611
0.51024,2.1564
0.51047,2.1518
0.51069,2.1471
0.51091,2.1424
0.51114,2.1386
0.51136,2.1348
0.51159,2.1302
0.51181,2.1255
0.51204,2.1209
0.51226,2.117
0.51249,2.1132
0.51271,2.1094
0.51294,2.1056
0.51316,2.101
0.51339,2.0971
0.51361,2.0933
0.51383,2.0895
0.51406,2.0857
0.51428,2.0819
0.51451,2.0773
0.51473,2.0734
0.51496,2.0696
0.51518,2.0658
0.51541,2.062
0.51563,2.0574
0.51586,2.0535
0.51608,2.0497
0.51631,2.0459
0.51653,2.0421
0.51675,2.0375
0.51698,2.0337
0.5172,2.0298
0.51743,2.026
0.51765,2.0222
0.51788,2.0184
0.5181,2.0146
0.51833,2.0108
0.51855,2.007
0.51878,2.0032
0.519,1.9994
0.51923,1.9956
0.51945,1.9918
0.51968,1.9879
0.5199,1.9841
0.52013,1.9812
0.52035,1.9774
0.52058,1.9735
0.5208,1.9697
0.52103,1.9668
0.52125,1.9638
0.52148,1.96
0.5217,1.9562
0.52193,1.9524
0.52215,1.9494
0.52238,1.9465
0.5226,1.9426
0.52283,1.9388
0.52305,1.9359
0.52328,1.9329
0.5235,1.9291
0.52373,1.9253
0.52395,1.9223
0.52418,1.9194
0.5244,1.9156
0.52463,1.9118
0.52485,1.9079
0.52508,1.905
0.5253,1.902
0.52553,1.8982
0.52576,1.8944
0.52598,1.8914
0.52621,1.8885
0.52643,1.8847
0.52666,1.8809
0.52688,1.8779
0.52711,1.8749
0.52733,1.8711
0.52756,1.8673
0.52778,1.8643
0.52801,1.8614
0.52823,1.8584
0.52846,1.8546
0.52869,1.8516
0.52891,1.8487
0.52913,1.8457
0.52936,1.8419
0.52959,1.8389
0.52981,1.836
0.53004,1.833
0.53026,1.8301
0.53049,1.8271
0.53072,1.8241
0.53094,1.8212
0.53117,1.8182
0.53139,1.8152
0.53162,1.8123
0.53184,1.8093
0.53207,1.8064
0.53229,1.8034
0.53252,1.8004
0.53274,1.7975
0.53297,1.7945
0.5332,1.7915
0.53342,1.7886
0.53365,1.7848
0.53387,1.7818
0.5341,1.7788
0.53432,1.7759
0.53455,1.7721
0.53478,1.7691
0.535,1.7661
0.53523,1.7632
0.53545,1.7602
0.53568,1.7573
0.53591,1.7543
0.53613,1.7513
0.53636,1.7484
0.53658,1.7454
0.53681,1.7424
0.53704,1.7395
0.53726,1.7365
0.53749,1.7335
0.53771,1.7306
0.53794,1.7276
0.53816,1.7247
0.53839,1.7217
0.53862,1.7187
0.53884,1.7149
0.53907,1.712
0.53929,1.709
0.53952,1.706
0.53975,1.7022
0.53997,1.6993
0.5402,1.6963
0.54043,1.6933
0.54065,1.6895
0.54088,1.6866
0.5411,1.6836
0.54133,1.6806
0.54156,1.6768
0.54178,1.6739
0.54201,1.6709
0.54224,1.6679
0.54246,1.6641
0.54269,1.6612
0.54291,1.6582
0.54314,1.6552
0.54337,1.6514
0.54359,1.6476
0.54382,1.6447
0.54405,1.6417
0.54427,1.6379
0.5445,1.6341
0.54472,1.6311
0.54495,1.6282
0.54518,1.6243
0.5454,1.6205
0.54563,1.6176
0.54586,1.6146
0.54608,1.6108
0.54631,1.607
0.54653,1.604
0.54676,1.6011
0.54699,1.5981
0.54721,1.5943
0.54744,1.5913
0.54767,1.5884
0.54789,1.5854
0.54812,1.5816
0.54835,1.5786
0.54858,1.5757
0.5488,1.5727
0.54903,1.5689
0.54925,1.5651
0.54948,1.5621
0.54971,1.5592
0.54993,1.5553
0.55016,1.5515
0.55039,1.5486
0.55061,1.5456
0.55084,1.5418
0.55107,1.538
0.55129,1.535
0.55152,1.5321
0.55175,1.5283
0.55197,1.5244
0.5522,1.5206
0.55243,1.5177
0.55266,1.5147
0.55288,1.5109
0.55311,1.5071
0.55334,1.5033
0.55356,1.5003
0.55379,1.4965
0.55402,1.4927
0.55424,1.4889
0.55447,1.4851
0.5547,1.4813
0.55492,1.4775
0.55515,1.4737
0.55538,1.4698
0.55561,1.4669
0.55583,1.4631
0.55606,1.4593
0.55629,1.4555
0.55651,1.4516
0.55674,1.4487
0.55697,1.4449
0.55719,1.4411
0.55742,1.4373
0.55765,1.4343
0.55788,1.4313
0.5581,1.4275
0.55833,1.4237
0.55856,1.4199
0.55879,1.4169
0.55901,1.4131
0.55924,1.4093
0.55947,1.4055
0.55969,1.4025
0.55992,1.3996
0.56015,1.3958
0.56037,1.392
0.5606,1.3882
0.56083,1.3852
0.56106,1.3814
0.56128,1.3776
0.56151,1.3738
0.56174,1.37
0.56197,1.367
0.56219,1.3632
0.56242,1.3594
0.56265,1.3556
0.56287,1.3526
0.5631,1.3488
0.56333,1.345
0.56356,1.3412
0.56378,1.3374
0.56401,1.3344
0.56424,1.3306
0.56447,1.3268
0.56469,1.323
0.56492,1.32
0.56515,1.317
0.56538,1.3132
0.56561,1.3094
0.56583,1.3056
0.56606,1.3026
0.56629,1.2988
0.56652,1.295
0.56674,1.2921
0.56697,1.2891
0.5672,1.2861
0.56743,1.2823
0.56765,1.2794
0.56788,1.2764
0.56811,1.2734
0.56834,1.2696
0.56856,1.2667
0.56879,1.2637
0.56902,1.2607
0.56925,1.2578
0.56947,1.2548
0.5697,1.2519
0.56993,1.2489
0.57016,1.2459
0.57039,1.243
0.57061,1.24
0.57084,1.237
0.57107,1.2341
0.5713,1.2311
0.57153,1.2282
0.57175,1.226
0.57198,1.2231
0.57221,1.2201
0.57244,1.2171
0.57266,1.215
0.57289,1.2121
0.57312,1.2091
0.57335,1.207
0.57358,1.204
0.5738,1.2011
0.57403,1.1989
0.57426,1.1968
0.57449,1.1939
0.57472,1.1918
0.57494,1.1896
0.57517,1.1867
0.5754,1.1846
0.57563,1.1824
0.57586,1.1803
0.57609,1.1782
0.57631,1.1761
0.57654,1.174
0.57677,1.1719
0.577,1.1697
0.57722,1.1676
0.57745,1.1655
0.57768,1.1634
0.57791,1.1613
0.57814,1.1592
0.57837,1.157
0.5786,1.1549
0.57882,1.1528
0.57905,1.1507
0.57928,1.1494
0.57951,1.1473
0.57974,1.1452
0.57997,1.1439
0.58019,1.1418
0.58042,1.1397
0.58065,1.1384
0.58088,1.1363
0.58111,1.1342
0.58134,1.1329
0.58156,1.1308
0.58179,1.1295
0.58202,1.1283
0.58225,1.127
0.58248,1.1257
0.58271,1.1236
0.58293,1.1223
0.58316,1.1211
0.58339,1.1198
0.58362,1.1185
0.58385,1.1173
0.58408,1.116
0.5843,1.1147
0.58453,1.1143
0.58476,1.113
0.58499,1.1118
0.58522,1.1105
0.58545,1.1092
0.58568,1.1079
0.58591,1.1067
0.58613,1.1054
0.58636,1.1041
0.58659,1.1029
0.58682,1.1016
0.58705,1.1003
0.58728,1.0991
0.58751,1.0978
0.58774,1.0965
0.58796,1.0952
0.58819,1.094
0.58842,1.0927
0.58865,1.0914
0.58888,1.0902
0.58911,1.0889
0.58934,1.0876
0.58957,1.0872
0.58979,1.0859
0.59002,1.0847
0.59025,1.0834
0.59048,1.0821
0.59071,1.0817
0.59094,1.0804
0.59117,1.0792
0.5914,1.0779
0.59163,1.0766
0.59185,1.0762
0.59208,1.0749
0.59231,1.0745
0.59254,1.0732
0.59277,1.072
0.593,1.0707
0.59323,1.0694
0.59346,1.069
0.59369,1.0677
0.59392,1.0665
0.59415,1.0652
0.59437,1.0648
0.5946,1.0643
0.59483,1.0631
0.59506,1.0626
0.59529,1.0614
0.59552,1.061
0.59575,1.0597
0.59598,1.0593
0.59621,1.0588
0.59644,1.0576
0.59667,1.0571
0.59689,1.0559
0.59712,1.0546
0.59735,1.0542
0.59758,1.0529
0.59781,1.0516
0.59804,1.0504
0.59827,1.05
0.5985,1.0487
0.59873,1.0474
0.59896,1.0461
0.59919,1.0449
0.59942,1.0436
0.59965,1.0423
0.59988,1.0419
0.60011,1.0406
0.60034,1.0394
0.60057,1.0389
0.6008,1.0377
0.60102,1.0373
0.60125,1.036
0.60148,1.0356
0.60171,1.0343
0.60194,1.0339
0.60217,1.0334
0.6024,1.0322
0.60263,1.0318
0.60286,1.0305
0.60309,1.0301
0.60332,1.0288
0.60355,1.0284
0.60378,1.0279
0.60401,1.0275
0.60424,1.0271
0.60447,1.0258
0.6047,1.0254
0.60493,1.0241
0.60516,1.0237
0.60539,1.0233
0.60562,1.0229
0.60584,1.0224
0.60608,1.0212
0.6063,1.0207
0.60653,1.0195
0.60676,1.0191
0.607,1.0178
0.60722,1.0174
0.60745,1.0169
0.60768,1.0165
0.60791,1.0161
0.60814,1.0157
0.60837,1.0152
0.6086,1.014
0.60883,1.0127
0.60906,1.0114
0.60929,1.011
0.60952,1.0106
0.60975,1.0102
0.60998,1.0097
0.61021,1.0093
0.61044,1.0089
0.61067,1.0085
0.6109,1.0072
0.61113,1.0068
0.61136,1.0064
0.61159,1.0051
0.61182,1.0047
0.61205,1.0042
0.61228,1.0038
0.61251,1.0034
0.61274,1.003
0.61297,1.0025
0.6132,1.0013
0.61343,1.0009
0.61366,0.99958
0.61389,0.99831
0.61412,0.99704
0.61435,0.99577
0.61458,0.9945
0.61481,0.99323
0.61504,0.99281
0.61527,0.99154
0.6155,0.99027
0.61573,0.989
0.61597,0.98773
0.61619,0.98646
0.61642,0.98519
0.61665,0.98477
0.61688,0.9835
0.61711,0.98223
0.61735,0.9818
0.61758,0.98053
0.61781,0.98011
0.61804,0.97884
0.61827,0.97842
0.6185,0.97715
0.61873,0.97672
0.61896,0.9763
0.61919,0.97503
0.61942,0.97461
0.61965,0.97334
0.61988,0.97291
0.62011,0.97164
0.62034,0.97122
0.62057,0.9708
0.6208,0.96953
0.62103,0.9691
0.62126,0.96784
0.62149,0.96741
0.62173,0.96614
0.62196,0.96572
0.62218,0.96445
0.62241,0.96318
0.62265,0.96276
0.62288,0.96149
0.62311,0.96106
0.62334,0.95979
0.62357,0.95937
0.6238,0.9581
0.62403,0.95683
0.62426,0.95641
0.62449,0.95514
0.62472,0.95387
0.62495,0.9526
0.62518,0.95133
0.62541,0.95006
0.62565,0.94879
0.62588,0.94836
0.62611,0.94709
0.62634,0.94582
0.62657,0.94455
0.6268,0.94328
0.62703,0.94201
0.62726,0.94075
0.62749,0.94032
0.62772,0.93905
0.62795,0.93863
0.62819,0.93821
0.62841,0.93694
0.62865,0.93651
0.62888,0.93609
0.62911,0.93567
0.62934,0.9344
0.62957,0.93397
0.6298,0.93355
0.63003,0.93313
0.63026,0.9327
0.63049,0.93228
0.63073,0.93186
0.63096,0.93059
0.63119,0.93016
0.63142,0.92889
0.63165,0.92847
0.63188,0.92805
0.63211,0.92762
0.63234,0.92635
0.63257,0.92593
0.6328,0.92551
0.63303,0.92424
0.63327,0.92381
0.6335,0.92254
0.63373,0.92212
0.63396,0.92085
0.63419,0.92043
0.63442,0.92
0.63465,0.91958
0.63488,0.91916
0.63512,0.91789
0.63535,0.91746
0.63558,0.91619
0.63581,0.91577
0.63604,0.9145
0.63627,0.91408
0.6365,0.91366
0.63673,0.91323
0.63697,0.91281
0.6372,0.91154
0.63743,0.91112
0.63766,0.90985
0.63789,0.90942
0.63812,0.909
0.63835,0.90858
0.63859,0.90815
0.63882,0.90773
0.63905,0.90731
0.63928,0.90688
0.63951,0.90646
0.63974,0.90604
0.63997,0.90561
0.6402,0.90519
0.64044,0.90477
0.64067,0.90519
0.6409,0.90477
0.64113,0.90434
0.64136,0.90392
0.6416,0.90265
0.64183,0.90223
0.64206,0.90265
0.64229,0.90223
0.64252,0.90265
0.64275,0.90223
0.64298,0.9018
0.64322,0.90138
0.64345,0.90096
0.64368,0.90053
0.64391,0.90011
0.64414,0.89969
0.64437,0.89926
0.6446,0.89969
0.64484,0.90011
0.64507,0.90053
0.6453,0.90096
0.64553,0.90053
0.64577,0.90096
0.64599,0.90053
0.64623,0.90096
0.64646,0.90138
0.64669,0.9018
0.64693,0.90223
0.64715,0.90265
0.64739,0.90307
0.64762,0.9035
0.64785,0.90392
0.64808,0.90434
0.64832,0.90477
0.64855,0.90519
0.64878,0.90561
0.64901,0.90604
0.64924,0.90646
0.64947,0.90688
0.6497,0.90731
0.64994,0.90773
0.65017,0.90815
0.6504,0.90858
0.65064,0.909
0.65087,0.91027
0.6511,0.91069
0.65133,0.91196
0.65156,0.91323
0.65179,0.91366
0.65203,0.91492
0.65226,0.91535
0.65249,0.91662
0.65272,0.91704
0.65295,0.91831
0.65319,0.91873
0.65342,0.92
0.65365,0.92127
0.65388,0.92254
0.65412,0.92381
0.65435,0.92424
0.65458,0.92551
0.65481,0.92678
0.65504,0.9272
0.65528,0.92847
0.65551,0.92974
0.65574,0.93101
0.65597,0.93228
0.65621,0.9344
0.65644,0.93567
0.65667,0.93778
0.6569,0.9399
0.65713,0.94117
0.65737,0.94328
0.6576,0.94455
0.65783,0.94667
0.65806,0.94879
0.6583,0.95006
0.65853,0.95217
0.65876,0.95429
0.65899,0.95556
0.65923,0.95768
0.65946,0.95979
0.65969,0.96106
0.65992,0.96318
0.66016,0.9653
0.66039,0.96657
0.66062,0.96868
0.66085,0.9708
0.66109,0.97291
0.66132,0.97503
0.66155,0.97715
0.66179,0.98011
0.66201,0.98223
0.66225,0.98434
0.66248,0.98731
0.66272,0.99027
0.66295,0.99239
0.66318,0.99535
0.66341,0.99831
0.66364,1.0004
0.66388,1.0034
0.66411,1.0064
0.66434,1.0093
0.66458,1.0131
0.66481,1.0161
0.66504,1.0191
0.66527,1.022
0.66551,1.0258
0.66574,1.0288
0.66597,1.0318
0.6662,1.0347
0.66644,1.0385
0.66667,1.0423
0.6669,1.0453
0.66714,1.0491
0.66737,1.0529
0.6676,1.0567
0.66783,1.0605
0.66807,1.0635
0.6683,1.0673
0.66853,1.0711
0.66877,1.0749
0.669,1.0779
0.66923,1.0817
0.66946,1.0855
0.6697,1.0893
0.66993,1.0931
0.67016,1.0969
0.6704,1.1007
0.67063,1.1046
0.67086,1.1084
0.67109,1.1122
0.67133,1.116
0.67156,1.1206
0.6718,1.1244
0.67203,1.1283
0.67226,1.1321
0.67249,1.1367
0.67272,1.1414
0.67296,1.146
0.67319,1.1507
0.67343,1.1545
0.67366,1.1583
0.67389,1.163
0.67413,1.1676
0.67436,1.1723
0.67459,1.1769
0.67482,1.1807
0.67506,1.1846
0.67529,1.1892
0.67552,1.1939
0.67576,1.1985
0.67599,1.2023
0.67622,1.2061
0.67646,1.21
0.67669,1.2138
0.67692,1.2184
0.67716,1.2222
0.67739,1.226
0.67762,1.2298
0.67785,1.2337
0.67809,1.2375
0.67832,1.2421
0.67856,1.2459
0.67879,1.2497
0.67902,1.2535
0.67925,1.2565
0.67949,1.2603
0.67972,1.2641
0.67996,1.2679
0.68019,1.2709
0.68043,1.2739
0.68066,1.2777
0.68089,1.2815
0.68112,1.2844
0.68136,1.2874
0.68159,1.2904
0.68182,1.2925
0.68206,1.2955
0.68229,1.2984
0.68253,1.3005
0.68276,1.3035
0.68299,1.3056
0.68323,1.3077
0.68346,1.309
0.68369,1.3111
0.68393,1.3132
0.68416,1.3145
0.68439,1.3158
0.68463,1.317
0.68486,1.3183
0.68509,1.3187
0.68533,1.32
0.68556,1.3204
0.6858,1.3209
0.68603,1.3213
0.68626,1.3209
0.6865,1.3213
0.68673,1.3209
0.68697,1.3213
0.6872,1.3209
0.68743,1.3196
0.68767,1.3192
0.6879,1.3179
0.68813,1.3166
0.68837,1.3145
0.6886,1.3132
0.68884,1.3111
0.68907,1.309
0.6893,1.306
0.68954,1.3039
0.68977,1.3018
0.69,1.2988
0.69024,1.2959
0.69047,1.2921
0.69071,1.2883
0.69094,1.2844
0.69117,1.2798
0.69141,1.2751
0.69164,1.2705
0.69188,1.2658
0.69211,1.2612
0.69234,1.2565
0.69258,1.2519
0.69281,1.2464
0.69305,1.24
0.69328,1.2337
0.69351,1.2273
0.69375,1.221
0.69398,1.2146
0.69422,1.2083
0.69445,1.2019
0.69469,1.1956
0.69492,1.1892
0.69515,1.1829
0.69539,1.1765
0.69562,1.1693
0.69586,1.1621
0.69609,1.1549
0.69632,1.1477
0.69656,1.1405
0.69679,1.1333
0.69702,1.1261
0.69726,1.1189
0.6975,1.1118
0.69773,1.1046
0.69796,1.0974
0.6982,1.0902
0.69843,1.0821
0.69867,1.0741
0.6989,1.066
0.69914,1.058
0.69937,1.05
0.6996,1.0419
0.69984,1.0347
0.70007,1.0267
0.70031,1.0186
0.70054,1.0106
0.70077,1.0025
0.70101,0.9945
0.70124,0.98646
0.70148,0.97842
0.70171,0.96953
0.70195,0.96149
0.70218,0.95344
0.70242,0.9454
0.70265,0.93736
0.70288,0.92932
0.70312,0.92127
0.70335,0.91323
0.70359,0.90604
0.70383,0.89884
0.70406,0.89164
0.70429,0.88445
0.70453,0.87725
0.70476,0.87006
0.705,0.86286
0.70523,0.85651
0.70547,0.85016
0.7057,0.84381
0.70593,0.83746
0.70617,0.83112
0.7064,0.82392
0.70664,0.81757
0.70687,0.81037
0.70711,0.80318
0.70734,0.79598
0.70758,0.78879
0.70781,0.78159
0.70805,0.7744
0.70828,0.76805
0.70851,0.7617
0.70875,0.75535
0.70898,0.749
0.70922,0.74265
0.70946,0.7363
0.70969,0.72995
0.70993,0.72445
0.71016,0.7181
0.71039,0.7126
0.71063,0.70709
0.71087,0.70159
0.7111,0.69694
0.71134,0.69228
0.71157,0.68762
0.71181,0.68212
0.71204,0.67662
0.71228,0.67112
0.71251,0.66561
0.71275,0.66011
0.71298,0.65461
0.71321,0.64995
0.71345,0.6453
0.71369,0.64064
0.71392,0.63598
0.71415,0.63133
0.71439,0.62667
0.71462,0.62117
0.71486,0.61567
0.71509,0.61101
0.71533,0.60635
0.71556,0.6017
0.7158,0.59704
0.71603,0.59323
0.71627,0.58942
0.71651,0.58561
0.71674,0.58096
0.71697,0.5763
0.71721,0.57249
0.71745,0.56868
0.71768,0.56487
0.71792,0.56106
0.71815,0.55725
0.71839,0.55429
0.71862,0.55048
0.71886,0.54667
0.71909,0.54286
0.71933,0.53905
0.71956,0.53524
0.7198,0.53143
0.72003,0.52762
0.72027,0.52381
0.7205,0.52085
0.72074,0.51704
0.72097,0.51323
0.72121,0.50942
0.72145,0.50646
0.72168,0.5035
0.72192,0.49969
0.72215,0.49672
0.72239,0.49376
0.72262,0.4908
0.72286,0.48784
0.72309,0.48487
0.72333,0.48191
0.72356,0.47895
0.7238,0.47683
0.72403,0.47387
0.72427,0.4709
0.72451,0.46879
0.72474,0.46667
0.72498,0.46371
0.72521,0.46159
0.72545,0.45948
0.72568,0.45651
0.72592,0.4544
0.72615,0.45228
0.72639,0.45016
0.72662,0.44805
0.72686,0.44593
0.7271,0.44381
0.72733,0.4417
0.72757,0.43958
0.7278,0.43746
0.72804,0.43535
0.72827,0.43323
0.72851,0.43196
0.72875,0.42985
0.72898,0.42773
0.72922,0.42646
0.72945,0.42434
0.72969,0.42223
0.72992,0.42096
0.73016,0.41884
0.7304,0.41757
0.73063,0.4163
0.73086,0.41414
0.7311,0.41283
0.73134,0.41144
0.73158,0.41005
0.73181,0.4085
0.73205,0.40695
0.73228,0.40509
0.73252,0.40387
0.73275,0.40264
0.73299,0.401
0.73322,0.39979
0.73346,0.39815
0.7337,0.39693
0.73393,0.3953
0.73417,0.39408
0.73441,0.39333
0.73464,0.39216
0.73488,0.39149
0.73511,0.39039
0.73535,0.38988
0.73559,0.38895
0.73582,0.38874
0.73606,0.38833
0.73629,0.3875
0.73653,0.3875
0.73677,0.3875
0.737,0.38749
0.73724,0.38749
0.73747,0.38747
0.73771,0.38745
0.73795,0.38739
0.73818,0.38728
0.73842,0.38704
0.73865,0.38657
0.73889,0.38561
0.73912,0.38535
0.73936,0.38481
0.7396,0.38373
0.73983,0.38319
0.74007,0.3821
0.74031,0.38157
0.74054,0.38048
0.74078,0.37995
0.74102,0.37888
0.74125,0.37837
0.74148,0.37734
0.74172,0.37692
0.74196,0.37607
0.74219,0.37601
0.74243,0.37588
0.74267,0.37563
0.74291,0.37511
0.74314,0.37574
0.74338,0.37533
0.74361,0.37619
0.74385,0.37626
0.74409,0.37641
0.74432,0.37672
0.74456,0.37735
0.74479,0.37696
0.74503,0.37784
0.74527,0.37797
0.74551,0.37822
0.74574,0.37875
0.74598,0.37983
0.74621,0.38035
0.74645,0.38141
0.74669,0.38187
0.74692,0.38281
0.74716,0.38304
0.7474,0.3835
0.74763,0.38444
0.74787,0.38467
0.74811,0.38513
0.74834,0.38606
0.74858,0.38626
0.74881,0.38667
0.74905,0.38751
0.74929,0.38753
0.74953,0.38756
0.74976,0.38762
0.75,0.38774
0.75023,0.38799
0.75047,0.3885
0.75071,0.38943
0.75095,0.38963
0.75118,0.39003
0.75142,0.39083
0.75166,0.39206
0.75189,0.39284
0.75213,0.39404
0.75236,0.39476
0.7526,0.39591
0.75284,0.39746
0.75308,0.39859
0.75331,0.4001
0.75355,0.40197
0.75379,0.40329
0.75402,0.40478
0.75426,0.40542
0.7545,0.40722
0.75473,0.40925
0.75497,0.41044
0.7552,0.41163
0.75544,0.41285
0.75568,0.41406
0.75592,0.41618
0.75615,0.41745
0.75639,0.41872
0.75663,0.41999
0.75686,0.42126
0.7571,0.42253
0.75734,0.4238
0.75758,0.42507
0.75781,0.42719
0.75805,0.42846
0.75828,0.42973
0.75852,0.43184
0.75876,0.43311
0.75899,0.43523
0.75923,0.43734
0.75947,0.43946
0.75971,0.44158
0.75994,0.44369
0.76018,0.44666
0.76042,0.44877
0.76066,0.45089
0.76089,0.45385
0.76113,0.45682
0.76137,0.45893
0.76161,0.4619
0.76184,0.46486
0.76208,0.46697
0.76232,0.46994
0.76255,0.4729
0.76279,0.47586
0.76303,0.47798
0.76326,0.48094
0.7635,0.48391
0.76374,0.48687
0.76397,0.48983
0.76421,0.49279
0.76445,0.49576
0.76469,0.49872
0.76492,0.50253
0.76516,0.50634
0.7654,0.5093
0.76564,0.51311
0.76587,0.51692
0.76611,0.52073
0.76635,0.52454
0.76659,0.52835
0.76682,0.53216
0.76706,0.53597
0.7673,0.53978
0.76754,0.54443
0.76777,0.54824
0.76801,0.55205
0.76824,0.55586
0.76848,0.55967
0.76872,0.56348
0.76896,0.56814
0.7692,0.57279
0.76943,0.57745
0.76967,0.58211
0.76991,0.58676
0.77014,0.59142
0.77038,0.59607
0.77062,0.60073
0.77086,0.60539
0.7711,0.61004
0.77133,0.61555
0.77157,0.62105
0.77181,0.6257
0.77205,0.63036
0.77228,0.63502
0.77252,0.63967
0.77276,0.64348
0.773,0.64729
0.77323,0.6511
0.77347,0.65491
0.77371,0.65957
0.77395,0.66338
0.77418,0.66719
0.77442,0.671
0.77466,0.67481
0.7749,0.67777
0.77514,0.68073
0.77537,0.68369
0.77561,0.68666
0.77585,0.68962
0.77609,0.69174
0.77632,0.6947
0.77656,0.69766
0.7768,0.69978
0.77703,0.7019
0.77727,0.70316
0.77751,0.70443
0.77775,0.7057
0.77799,0.70613
0.77822,0.70655
0.77846,0.70697
0.7787,0.70655
0.77894,0.70697
0.77918,0.70655
0.77941,0.70528
0.77965,0.70486
0.77989,0.70359
0.78013,0.70147
0.78037,0.69936
0.78061,0.69639
0.78084,0.69428
0.78108,0.69216
0.78132,0.6892
0.78156,0.68623
0.78179,0.68242
0.78203,0.67861
0.78227,0.67481
0.78251,0.67015
0.78274,0.66549
0.78298,0.66084
0.78322,0.65533
0.78346,0.64983
0.7837,0.64433
0.78394,0.63883
0.78417,0.63332
0.78441,0.62697
0.78465,0.61978
0.78488,0.61258
0.78512,0.60539
0.78536,0.59819
0.7856,0.591
0.78584,0.5838
0.78608,0.5766
0.78632,0.56941
0.78655,0.56221
0.78679,0.55502
0.78703,0.54782
0.78727,0.54063
0.78751,0.53343
0.78775,0.52623
0.78798,0.51819
0.78822,0.511
0.78846,0.5038
0.7887,0.4966
0.78893,0.48941
0.78918,0.48137
0.78941,0.47332
0.78965,0.46528
0.78989,0.45714
0.79013,0.44838
0.79037,0.43962
0.7906,0.43041
0.79084,0.42151
0.79108,0.41276
0.79132,0.40389
0.79156,0.39514
0.7918,0.38597
0.79203,0.37707
0.79227,0.36824
0.79251,0.35902
0.79275,0.35091
0.79299,0.34287
0.79322,0.33439
0.79346,0.3261
0.7937,0.31803
0.79394,0.31011
0.79418,0.30232
0.79442,0.29456
0.79466,0.2868
0.79489,0.27887
0.79513,0.27198
0.79537,0.26561
0.79561,0.25852
0.79585,0.25112
0.79609,0.24446
0.79633,0.23773
0.79656,0.23067
0.7968,0.22427
0.79704,0.21753
0.79728,0.21143
0.79752,0.20501
0.79776,0.19926
0.798,0.19343
0.79823,0.18725
0.79848,0.18162
0.79871,0.1755
0.79895,0.16955
0.79919,0.16392
0.79943,0.15892
0.79966,0.15385
0.79991,0.14845
0.80014,0.14361
0.80038,0.13844
0.80062,0.13391
0.80086,0.12944
0.8011,0.12502
0.80134,0.12046
0.80158,0.11506
0.80182,0.1102
0.80205,0.105
0.80229,0.10032
0.80253,0.09524
0.80277,0.090191
0.80301,0.084702
0.80325,0.079302
0.80348,0.073977
0.80372,0.068318
0.80396,0.063167
0.8042,0.057575
0.80444,0.051661
0.80468,0.046292
0.80492,0.04068
0.80516,0.035664
0.8054,0.030728
0.80563,0.026297
0.80588,0.021944
0.80611,0.018142
0.80635,0.014868
0.80659,0.012066
0.80683,0.0093106
0.80707,0.0070509
0.80731,0.005245
0.80755,0.0034686
0.80779,0.0021571
0.80802,0.0012833
0.80827,0.00042328
0.8085,0
0.80874,0
0.80898,0
0.80922,0
0.80946,0
0.8097,0
0.80994,0
0.81018,0
0.81042,0
0.81065,0
0.81089,0
0.81113,0
0.81137,0
0.81161,0
0.81185,0
0.81209,0
0.81233,0
0.81257,0
0.81281,0
0.81305,0
0.81329,0
0.81353,0
0.81377,0
0.814,0
0.81424,0
0.81448,0
0.81472,0
0.81496,0
0.8152,0
0.81544,0
0.81568,0
0.81592,0
0.81615,0
0.8164,0
0.81663,0
0.81688,0
0.81711,0
0.81735,0
0.81759,0
0.81783,0
0.81807,0
0.81831,0
0.81855,0
0.81879,0
0.81903,0
0.81927,0
0.81951,0
0.81975,0
0.81999,0
0.82023,0
0.82046,0
0.8207,0
0.82095,0
0.82119,0
0.82143,0
0.82167,0
0.82191,0
0.82214,0
0.82238,0
0.82262,0
0.82286,0
0.8231,0
0.82334,0
0.82358,0
0.82382,0
0.82406,0
0.8243,0
0.82454,0
0.82478,0
0.82502,0
0.82526,0
0.82549,0
0.82574,0
0.82598,0
0.82622,0
0.82646,0
0.82669,0
0.82694,0
0.82717,0
0.82742,0
0.82765,0
0.82789,0
0.82814,0
0.82837,0
0.82861,0
0.82885,0
0.82909,0
0.82933,0
0.82957,0
0.82981,0
0.83005,0
0.83029,0
0.83053,0
0.83077,0
0.83101,0
0.83125,0
0.83149,0
0.83173,0
0.83197,0
0.83221,0
0.83245,0
0.83269,0
0.83293,0
0.83317,0
0.83341,0
0.83365,0
0.83389,0
0.83413,0
0.83437,0
0.83461,0
0.83485,0
0.83509,0
0.83533,0
0.83557,0
0.83581,0
0.83605,0
0.83629,0
0.83653,0
0.83677,0
0.83701,0
0.83726,0
0.83749,0
0.83773,0
0.83797,0
0.83821,0
0.83846,0
0.83869,0
0.83893,0
0.83918,0
0.83941,0
0.83965,0
0.83989,0
0.84014,0
0.84038,0
0.84062,0
0.84085,0
0.84109,0
0.84133,0
0.84157,0
0.84181,0
0.84206,0
0.8423,0
0.84254,0
0.84278,0
0.84302,0
0.84326,0
0.8435,0
0.84374,0
0.84398,0
0.84422,0
0.84446,0
0.8447,0
0.84494,0
0.84518,0
0.84542,0
0.84566,0
0.8459,0
0.84614,0
0.84638,0
0.84662,0
0.84687,0
0.8471,0
0.84735,0
0.84759,0
0.84783,0
0.84807,0
0.84831,0
0.84855,0
0.84879,0
0.84903,0
0.84927,0
0.84951,0
0.84975,0
0.84999,0
0.85024,0
0.85047,0
0.85071,0
0.85095,0
0.85119,0
0.85144,0
0.85168,0
0.85192,0
0.85216,0
0.8524,0
0.85264,0
0.85288,0
0.85312,0
0.85336,0
0.8536,0
0.85384,0
0.85408,0
0.85432,0
0.85457,0
0.85481,0
0.85505,0
0.85529,0
0.85553,0
0.85577,0
0.85601,0
0.85625,0
0.85649,0
0.85673,0
0.85698,0